%%
number = 123
123+1